214519 214703
0 36921
0 54779
0 4379
47793 0
457988 452313
0 20013
0 36142
6097 0
51825 0
443067 493986
0 12033
472188 474360
89414 0
0 14736
0 2233
3441 0
0 48740
501499 541983
35959 0
0 32101
454192 490732
0 32061
7103 0
481541 481183
475690 448235
0 25625
508404 510840
0 10166
0 2587
0 71480
63887 0
13611 0
15541 0
0 18900
0 22397
0 6188
0 26908
54058 0
0 74326
8667 0
39740 0
0 8681
63355 0
0 66040
21324 0
0 3763
498818 447141
30153 0
0 3414
30709 0
474509 457308
510977 542061
0 30347
495793 493831
497101 513106
42235 0
1927 0
0 5432
0 4294
513903 520850
11319 0
488716 534148
22271 0
5537 0
0 20617
507980 472948
2713 44646
1833 19506
7064 31121
560252 464915
18208 0
9389 22695
36337 0
51194 0
63563 0
520205 510005
50897 84861
43216 40884
56556 26968
73778 66166
59624 134353
66412 97409
88415 75407
62199 74096
77199 115600
107317 80318
94129 53422
101209 87715
106296 132788
121390 102075
142987 106420
137519 130435
162869 187888
149075 173790
191242 194090
235185 192361
239982 196419
238132 255980
472537 524410
